Dimension: 1002
2 1050 2750
6 1050 1550
8 3450 1450
15 4450 1450
20 5350 1450
336 8200 1450
343 9200 1450
348 10100 1450
664 12950 1450
671 13950 1450
676 14850 1450
990 15950 2300
948 16850 3800
929 16850 7650
880 16800 9650
869 16700 10500
866 16450 11250
861 15950 11550
859 15450 11650
203 5950 11650
996 5050 11650
176 3600 11600
1 1150 4000
1 1150 4000
1 1150 4000
1 1150 4000
1 1150 4000
1 1150 4000
1 1150 4000
1 1150 4000
1 1150 4000
1 1150 4000
1 1150 4000
1 1150 4000
1 1150 4000
1 1150 4000
1 1150 4000
1 1150 4000
1 1150 4000
1 1150 4000
1 1150 4000
1 1150 4000
1 1150 4000
1 1150 4000
1 1150 4000
1 1150 4000
1 1150 4000
1 1150 4000
1 1150 4000
1 1150 4000
1 1150 4000
1 1150 4000
1 1150 4000
1 1150 4000
1 1150 4000
1 1150 4000
1 1150 4000
1 1150 4000
1 1150 4000
1 1150 4000
1 1150 4000
1 1150 4000
1 1150 4000
1 1150 4000
1 1150 4000
1 1150 4000
1 1150 4000
1 1150 4000
1 1150 4000
1 1150 4000
1 1150 4000
1 1150 4000
1 1150 4000
1 1150 4000
1 1150 4000
1 1150 4000
1 1150 4000
1 1150 4000
1 1150 4000
1 1150 4000
1 1150 4000
1 1150 4000
1 1150 4000
1 1150 4000
1 1150 4000
1 1150 4000
1 1150 4000
1 1150 4000
1 1150 4000
1 1150 4000
1 1150 4000
1 1150 4000
1 1150 4000
1 1150 4000
1 1150 4000
1 1150 4000
1 1150 4000
1 1150 4000
1 1150 4000
1 1150 4000
1 1150 4000
1 1150 4000
1 1150 4000
1 1150 4000
1 1150 4000
1 1150 4000
1 1150 4000
1 1150 4000
1 1150 4000
1 1150 4000
1 1150 4000
1 1150 4000
1 1150 4000
1 1150 4000
1 1150 4000
1 1150 4000
1 1150 4000
1 1150 4000
1 1150 4000
1 1150 4000
1 1150 4000
1 1150 4000
1 1150 4000
1 1150 4000
1 1150 4000
1 1150 4000
1 1150 4000
1 1150 4000
1 1150 4000
1 1150 4000
1 1150 4000
1 1150 4000
1 1150 4000
1 1150 4000
1 1150 4000
1 1150 4000
1 1150 4000
1 1150 4000
1 1150 4000
1 1150 4000
1 1150 4000
1 1150 4000
1 1150 4000
1 1150 4000
1 1150 4000
1 1150 4000
1 1150 4000
1 1150 4000
1 1150 4000
1 1150 4000
1 1150 4000
1 1150 4000
1 1150 4000
1 1150 4000
1 1150 4000
1 1150 4000
1 1150 4000
1 1150 4000
1 1150 4000
1 1150 4000
1 1150 4000
1 1150 4000
1 1150 4000
1 1150 4000
1 1150 4000
1 1150 4000
1 1150 4000
1 1150 4000
1 1150 4000
1 1150 4000
1 1150 4000
1 1150 4000
1 1150 4000
1 1150 4000
1 1150 4000
1 1150 4000
1 1150 4000
1 1150 4000
1 1150 4000
1 1150 4000
1 1150 4000
1 1150 4000
1 1150 4000
1 1150 4000
1 1150 4000
1 1150 4000
1 1150 4000
1 1150 4000
1 1150 4000
1 1150 4000
1 1150 4000
1 1150 4000
1 1150 4000
1 1150 4000
1 1150 4000
1 1150 4000
1 1150 4000
1 1150 4000
1 1150 4000
1 1150 4000
1 1150 4000
1 1150 4000
1 1150 4000
1 1150 4000
1 1150 4000
1 1150 4000
1 1150 4000
1 1150 4000
1 1150 4000
1 1150 4000
1 1150 4000
1 1150 4000
1 1150 4000
1 1150 4000
1 1150 4000
1 1150 4000
1 1150 4000
1 1150 4000
1 1150 4000
1 1150 4000
1 1150 4000
1 1150 4000
1 1150 4000
1 1150 4000
1 1150 4000
1 1150 4000
1 1150 4000
1 1150 4000
1 1150 4000
1 1150 4000
1 1150 4000
1 1150 4000
1 1150 4000
1 1150 4000
1 1150 4000
1 1150 4000
1 1150 4000
1 1150 4000
1 1150 4000
1 1150 4000
1 1150 4000
1 1150 4000
1 1150 4000
1 1150 4000
1 1150 4000
1 1150 4000
1 1150 4000
1 1150 4000
1 1150 4000
1 1150 4000
1 1150 4000
1 1150 4000
1 1150 4000
1 1150 4000
1 1150 4000
1 1150 4000
1 1150 4000
1 1150 4000
1 1150 4000
1 1150 4000
1 1150 4000
1 1150 4000
1 1150 4000
1 1150 4000
1 1150 4000
1 1150 4000
1 1150 4000
1 1150 4000
1 1150 4000
1 1150 4000
1 1150 4000
1 1150 4000
1 1150 4000
1 1150 4000
1 1150 4000
1 1150 4000
1 1150 4000
1 1150 4000
1 1150 4000
1 1150 4000
1 1150 4000
1 1150 4000
1 1150 4000
1 1150 4000
1 1150 4000
1 1150 4000
1 1150 4000
1 1150 4000
1 1150 4000
1 1150 4000
1 1150 4000
1 1150 4000
1 1150 4000
1 1150 4000
1 1150 4000
1 1150 4000
1 1150 4000
1 1150 4000
1 1150 4000
1 1150 4000
1 1150 4000
1 1150 4000
1 1150 4000
1 1150 4000
1 1150 4000
1 1150 4000
1 1150 4000
1 1150 4000
1 1150 4000
1 1150 4000
1 1150 4000
1 1150 4000
1 1150 4000
1 1150 4000
1 1150 4000
1 1150 4000
1 1150 4000
1 1150 4000
1 1150 4000
1 1150 4000
1 1150 4000
1 1150 4000
1 1150 4000
1 1150 4000
1 1150 4000
1 1150 4000
1 1150 4000
1 1150 4000
1 1150 4000
1 1150 4000
1 1150 4000
1 1150 4000
1 1150 4000
1 1150 4000
1 1150 4000
1 1150 4000
1 1150 4000
1 1150 4000
1 1150 4000
1 1150 4000
1 1150 4000
1 1150 4000
1 1150 4000
1 1150 4000
1 1150 4000
1 1150 4000
1 1150 4000
1 1150 4000
1 1150 4000
1 1150 4000
1 1150 4000
1 1150 4000
1 1150 4000
1 1150 4000
1 1150 4000
1 1150 4000
1 1150 4000
1 1150 4000
1 1150 4000
1 1150 4000
1 1150 4000
1 1150 4000
1 1150 4000
1 1150 4000
1 1150 4000
1 1150 4000
1 1150 4000
1 1150 4000
1 1150 4000
1 1150 4000
1 1150 4000
1 1150 4000
1 1150 4000
1 1150 4000
1 1150 4000
1 1150 4000
1 1150 4000
1 1150 4000
1 1150 4000
1 1150 4000
1 1150 4000
1 1150 4000
1 1150 4000
1 1150 4000
1 1150 4000
1 1150 4000
1 1150 4000
1 1150 4000
1 1150 4000
1 1150 4000
1 1150 4000
1 1150 4000
1 1150 4000
1 1150 4000
1 1150 4000
1 1150 4000
1 1150 4000
1 1150 4000
1 1150 4000
1 1150 4000
1 1150 4000
1 1150 4000
1 1150 4000
1 1150 4000
1 1150 4000
1 1150 4000
1 1150 4000
1 1150 4000
1 1150 4000
1 1150 4000
1 1150 4000
1 1150 4000
1 1150 4000
1 1150 4000
1 1150 4000
1 1150 4000
1 1150 4000
1 1150 4000
1 1150 4000
1 1150 4000
1 1150 4000
1 1150 4000
1 1150 4000
1 1150 4000
1 1150 4000
1 1150 4000
1 1150 4000
1 1150 4000
1 1150 4000
1 1150 4000
1 1150 4000
1 1150 4000
1 1150 4000
1 1150 4000
1 1150 4000
1 1150 4000
1 1150 4000
1 1150 4000
1 1150 4000
1 1150 4000
1 1150 4000
1 1150 4000
1 1150 4000
1 1150 4000
1 1150 4000
1 1150 4000
1 1150 4000
1 1150 4000
1 1150 4000
1 1150 4000
1 1150 4000
1 1150 4000
1 1150 4000
1 1150 4000
1 1150 4000
1 1150 4000
1 1150 4000
1 1150 4000
1 1150 4000
1 1150 4000
1 1150 4000
1 1150 4000
1 1150 4000
1 1150 4000
1 1150 4000
1 1150 4000
1 1150 4000
1 1150 4000
1 1150 4000
1 1150 4000
1 1150 4000
1 1150 4000
1 1150 4000
1 1150 4000
1 1150 4000
1 1150 4000
1 1150 4000
1 1150 4000
1 1150 4000
1 1150 4000
1 1150 4000
1 1150 4000
1 1150 4000
1 1150 4000
1 1150 4000
1 1150 4000
1 1150 4000
1 1150 4000
1 1150 4000
1 1150 4000
1 1150 4000
1 1150 4000
1 1150 4000
1 1150 4000
1 1150 4000
1 1150 4000
1 1150 4000
1 1150 4000
1 1150 4000
1 1150 4000
1 1150 4000
1 1150 4000
1 1150 4000
1 1150 4000
1 1150 4000
1 1150 4000
1 1150 4000
1 1150 4000
1 1150 4000
1 1150 4000
1 1150 4000
1 1150 4000
1 1150 4000
1 1150 4000
1 1150 4000
1 1150 4000
1 1150 4000
1 1150 4000
1 1150 4000
1 1150 4000
1 1150 4000
1 1150 4000
1 1150 4000
1 1150 4000
1 1150 4000
1 1150 4000
1 1150 4000
1 1150 4000
1 1150 4000
1 1150 4000
1 1150 4000
1 1150 4000
1 1150 4000
1 1150 4000
1 1150 4000
1 1150 4000
1 1150 4000
1 1150 4000
1 1150 4000
1 1150 4000
1 1150 4000
1 1150 4000
1 1150 4000
1 1150 4000
1 1150 4000
1 1150 4000
1 1150 4000
1 1150 4000
1 1150 4000
1 1150 4000
1 1150 4000
1 1150 4000
1 1150 4000
1 1150 4000
1 1150 4000
1 1150 4000
1 1150 4000
1 1150 4000
1 1150 4000
1 1150 4000
1 1150 4000
1 1150 4000
1 1150 4000
1 1150 4000
1 1150 4000
1 1150 4000
1 1150 4000
1 1150 4000
1 1150 4000
1 1150 4000
1 1150 4000
1 1150 4000
1 1150 4000
1 1150 4000
1 1150 4000
1 1150 4000
1 1150 4000
1 1150 4000
1 1150 4000
1 1150 4000
1 1150 4000
1 1150 4000
1 1150 4000
1 1150 4000
1 1150 4000
1 1150 4000
1 1150 4000
1 1150 4000
1 1150 4000
1 1150 4000
1 1150 4000
1 1150 4000
1 1150 4000
1 1150 4000
1 1150 4000
1 1150 4000
1 1150 4000
1 1150 4000
1 1150 4000
1 1150 4000
1 1150 4000
1 1150 4000
1 1150 4000
1 1150 4000
1 1150 4000
1 1150 4000
1 1150 4000
1 1150 4000
1 1150 4000
1 1150 4000
1 1150 4000
1 1150 4000
1 1150 4000
1 1150 4000
1 1150 4000
1 1150 4000
1 1150 4000
1 1150 4000
1 1150 4000
1 1150 4000
1 1150 4000
1 1150 4000
1 1150 4000
1 1150 4000
1 1150 4000
1 1150 4000
1 1150 4000
1 1150 4000
1 1150 4000
1 1150 4000
1 1150 4000
1 1150 4000
1 1150 4000
1 1150 4000
1 1150 4000
1 1150 4000
1 1150 4000
1 1150 4000
1 1150 4000
1 1150 4000
1 1150 4000
1 1150 4000
1 1150 4000
1 1150 4000
1 1150 4000
1 1150 4000
1 1150 4000
1 1150 4000
1 1150 4000
1 1150 4000
1 1150 4000
1 1150 4000
1 1150 4000
1 1150 4000
1 1150 4000
1 1150 4000
1 1150 4000
1 1150 4000
1 1150 4000
1 1150 4000
1 1150 4000
1 1150 4000
1 1150 4000
1 1150 4000
1 1150 4000
1 1150 4000
1 1150 4000
1 1150 4000
1 1150 4000
1 1150 4000
1 1150 4000
1 1150 4000
1 1150 4000
1 1150 4000
1 1150 4000
1 1150 4000
1 1150 4000
1 1150 4000
1 1150 4000
1 1150 4000
1 1150 4000
1 1150 4000
1 1150 4000
1 1150 4000
1 1150 4000
1 1150 4000
1 1150 4000
1 1150 4000
1 1150 4000
1 1150 4000
1 1150 4000
1 1150 4000
1 1150 4000
1 1150 4000
1 1150 4000
1 1150 4000
1 1150 4000
1 1150 4000
1 1150 4000
1 1150 4000
1 1150 4000
1 1150 4000
1 1150 4000
1 1150 4000
1 1150 4000
1 1150 4000
1 1150 4000
1 1150 4000
1 1150 4000
1 1150 4000
1 1150 4000
1 1150 4000
1 1150 4000
1 1150 4000
1 1150 4000
1 1150 4000
1 1150 4000
1 1150 4000
1 1150 4000
1 1150 4000
1 1150 4000
1 1150 4000
1 1150 4000
1 1150 4000
1 1150 4000
1 1150 4000
1 1150 4000
1 1150 4000
1 1150 4000
1 1150 4000
1 1150 4000
1 1150 4000
1 1150 4000
1 1150 4000
1 1150 4000
1 1150 4000
1 1150 4000
1 1150 4000
1 1150 4000
1 1150 4000
1 1150 4000
1 1150 4000
1 1150 4000
1 1150 4000
1 1150 4000
1 1150 4000
1 1150 4000
1 1150 4000
1 1150 4000
1 1150 4000
1 1150 4000
1 1150 4000
1 1150 4000
1 1150 4000
1 1150 4000
1 1150 4000
1 1150 4000
1 1150 4000
1 1150 4000
1 1150 4000
1 1150 4000
1 1150 4000
1 1150 4000
1 1150 4000
1 1150 4000
1 1150 4000
1 1150 4000
1 1150 4000
1 1150 4000
1 1150 4000
1 1150 4000
1 1150 4000
1 1150 4000
1 1150 4000
1 1150 4000
1 1150 4000
1 1150 4000
1 1150 4000
1 1150 4000
1 1150 4000
1 1150 4000
1 1150 4000
1 1150 4000
1 1150 4000
1 1150 4000
1 1150 4000
1 1150 4000
1 1150 4000
1 1150 4000
1 1150 4000
1 1150 4000
1 1150 4000
1 1150 4000
1 1150 4000
1 1150 4000
1 1150 4000
1 1150 4000
1 1150 4000
1 1150 4000
1 1150 4000
1 1150 4000
1 1150 4000
1 1150 4000
1 1150 4000
1 1150 4000
1 1150 4000
1 1150 4000
1 1150 4000
1 1150 4000
1 1150 4000
1 1150 4000
1 1150 4000
1 1150 4000
1 1150 4000
1 1150 4000
1 1150 4000
1 1150 4000
1 1150 4000
1 1150 4000
1 1150 4000
1 1150 4000
1 1150 4000
1 1150 4000
1 1150 4000
1 1150 4000
1 1150 4000
1 1150 4000
1 1150 4000
1 1150 4000
1 1150 4000
1 1150 4000
1 1150 4000
1 1150 4000
1 1150 4000
1 1150 4000
1 1150 4000
1 1150 4000
1 1150 4000
1 1150 4000
1 1150 4000
1 1150 4000
1 1150 4000
1 1150 4000
1 1150 4000
1 1150 4000
1 1150 4000
1 1150 4000
1 1150 4000
1 1150 4000
1 1150 4000
1 1150 4000
1 1150 4000
1 1150 4000
1 1150 4000
1 1150 4000
1 1150 4000
1 1150 4000
1 1150 4000
1 1150 4000
1 1150 4000
1 1150 4000
1 1150 4000
1 1150 4000
1 1150 4000
1 1150 4000
1 1150 4000
1 1150 4000
1 1150 4000
1 1150 4000
1 1150 4000
1 1150 4000
1 1150 4000
1 1150 4000
1 1150 4000
1 1150 4000
1 1150 4000
1 1150 4000
1 1150 4000
1 1150 4000
1 1150 4000
1 1150 4000
1 1150 4000
1 1150 4000
1 1150 4000
1 1150 4000
1 1150 4000
1 1150 4000
1 1150 4000
1 1150 4000
1 1150 4000
1 1150 4000
1 1150 4000
1 1150 4000
1 1150 4000
1 1150 4000
1 1150 4000
1 1150 4000
1 1150 4000
1 1150 4000
1 1150 4000
1 1150 4000
1 1150 4000
1 1150 4000
1 1150 4000
1 1150 4000
1 1150 4000
1 1150 4000
1 1150 4000
1 1150 4000
1 1150 4000
1 1150 4000
1 1150 4000
1 1150 4000
1 1150 4000
1 1150 4000
1 1150 4000
1 1150 4000
1 1150 4000
1 1150 4000
1 1150 4000
1 1150 4000
1 1150 4000
1 1150 4000
1 1150 4000
1 1150 4000
1 1150 4000
1 1150 4000
1 1150 4000
1 1150 4000
1 1150 4000
1 1150 4000
1 1150 4000
1 1150 4000
1 1150 4000
1 1150 4000
1 1150 4000
1 1150 4000
1 1150 4000
1 1150 4000
1 1150 4000
1 1150 4000
1 1150 4000
1 1150 4000
1 1150 4000
1 1150 4000
1 1150 4000
1 1150 4000
1 1150 4000
1 1150 4000
1 1150 4000
1 1150 4000
1 1150 4000
1 1150 4000
1 1150 4000
1 1150 4000
1 1150 4000
1 1150 4000
1 1150 4000
1 1150 4000
1 1150 4000
1 1150 4000
1 1150 4000
1 1150 4000
1 1150 4000
1 1150 4000
1 1150 4000
1 1150 4000
1 1150 4000
1 1150 4000
1 1150 4000
1 1150 4000
1 1150 4000
1 1150 4000
1 1150 4000
1 1150 4000
1 1150 4000
1 1150 4000
1 1150 4000
1 1150 4000
1 1150 4000
1 1150 4000
1 1150 4000
1 1150 4000
1 1150 4000
1 1150 4000
1 1150 4000
1 1150 4000
1 1150 4000
1 1150 4000
1 1150 4000
1 1150 4000
1 1150 4000
1 1150 4000
1 1150 4000
1 1150 4000
1 1150 4000
1 1150 4000
1 1150 4000
1 1150 4000
1 1150 4000
1 1150 4000
1 1150 4000
2 1050 2750
