Dimension: 100
9 628.999 976.971
26 650.039 940.261
74 667.952 906.108
20 659.346 889.08
78 621.689 878.159
32 531.819 906.89
4 502.813 876.001
14 398.129 976.034
85 426.249 946.357
12 445.689 981.97
82 428.293 905.37
75 425.058 869.541
21 400.34 874.489
49 402.567 839.178
13 354.793 765.215
67 319.486 813.104
86 316.069 853.389
97 308.882 842.792
63 302.123 847.44
15 273.041 853.944
87 275.713 973.754
62 199.819 937.721
18 134.026 949.816
1 143.775 862.63
60 142.996 840.984
8 135.382 807.91
69 180.027 766.307
71 14.6301 842.383
68 3.24542 701.539
83 51.7499 636.336
51 84.6462 629.068
90 123.616 644.17
65 107.593 549.471
80 89.2979 491.923
81 147.858 459.84
30 31.6366 431.221
48 13.6027 508.467
91 226.668 562.456
64 365.531 566.229
36 410.816 437.921
57 509.84 420.787
47 559.461 508.125
99 610.775 584.408
53 647.516 553.517
6 701.637 576.987
79 673.73 613.117
10 674.999 731.447
33 654.965 767.759
3 545.244 735.005
27 791.189 758.951
92 808.92 791.39
70 977.601 968.843
72 922.626 954.285
17 876.942 925.39
38 941.392 889.979
54 967.65 824.246
73 896.272 789.067
50 886.156 764.31
46 889.589 760.96
56 879.518 737.584
19 966.825 726.799
37 930.189 639.817
28 907.194 612.605
93 942.256 531.023
77 898.572 539.108
59 872.343 499.018
95 856.231 509.763
94 705.831 455.757
98 750.979 394.934
66 802.657 344.868
76 865.918 369.61
58 936.134 303.893
88 835.293 247.974
84 826.458 231.701
31 776.763 253.781
16 666.295 312.27
45 608.618 227.863
52 486.783 259.062
100 483.637 116.325
44 554.45 99.7819
29 510.857 25.8629
35 564.595 2.99685
96 352.477 1.16433
39 341.538 39.4141
55 236.623 1.52397
25 12.6192 48.2407
43 43.0137 77.901
24 16.2821 114.161
42 82.6398 131.129
40 162.622 95.1969
7 147.167 164.286
34 186.06 206.527
41 107.558 262.746
22 118.041 312.04
5 204.876 345.225
61 233.102 303.929
11 313.696 299.126
23 809.87 50.8555
2 881.78 1.18319
2 881.78 1.18319
9 628.999 976.971
